OccupyDemocrats 878284831 32666 0
DailyKos 20818801 256490 0
CounterPunch 297688038 49657 0
AddictingInfo 188014427 22267 0
Vox 2347049341 573197 1
TheHill 1917731 2279888 1
TheAtlantic 35773039 1523456 1
TheHuffingtonPost 14511951 9943195 1
TheNewYorkTimes 807095 35590905 2
TheWashingtonPost 2467791 9871529 2
MSNBC 2836421 1686089 2
CNN 759251 33813606 2
NPR 5392522 6928097 2
Reuters 1652541 17512733 2
AP 51241574 10571215 3
NBCNews 14173315 4653884 3
USAToday 15754281 3309615 3
TheWallStreetJournal 3108351 13799336 4
TheFiscalTimes 95687597 10133 4
FoxNews 1367531 14270761 5
TheDailyCaller 39308549 283846 6
BreitbartNews 457984599 686274 6
TheBlaze 10774652 632470 6
RedState 3135241 193266 6
Infowars 14505245 275628 6
